71, 52, 0
71, 53, 3
70, 53, 5
69, 53, 8
68, 54, 12
68, 55, 14
67, 55, 18
66, 56, 24
66, 57, 25
65, 57, 27
65, 58, 33
64, 58, 33
63, 59, 37
63, 60, 38
62, 60, 40
62, 61, 42
61, 61, 42
61, 62, 45
61, 63, 45
60, 63, 48
60, 64, 50
59, 64, 50
59, 65, 51
59, 66, 53
58, 66, 55
58, 67, 57
58, 68, 57
57, 69, 58
57, 70, 61
56, 70, 61
56, 71, 62
55, 72, 65
55, 73, 65
55, 74, 67
54, 75, 68
54, 76, 69
53, 76, 70
53, 77, 72
52, 78, 72
52, 79, 73
52, 80, 74
51, 81, 75
51, 82, 76
50, 83, 77
50, 84, 79
50, 85, 80
50, 86, 80
50, 87, 81
49, 88, 83
48, 89, 83
48, 90, 85
48, 91, 85
47, 92, 87
47, 93, 88
47, 94, 89
46, 96, 91
46, 97, 91
45, 98, 93
45, 99, 93
44, 100, 94
44, 101, 95
44, 102, 96
43, 103, 97
43, 104, 98
43, 105, 99
43, 106, 100
43, 108, 101
43, 109, 102
43, 111, 103
43, 112, 104
43, 113, 106
43, 114, 107
43, 116, 108
43, 117, 109
43, 118, 110
43, 119, 111
43, 121, 111
43, 122, 112
43, 124, 113
43, 126, 115
43, 127, 116
42, 129, 116
42, 130, 118
42, 132, 118
42, 134, 120
42, 135, 120
42, 137, 122
42, 138, 123
42, 140, 124
42, 141, 124
42, 143, 125
42, 144, 127
42, 145, 127
42, 147, 128
42, 148, 129
42, 149, 130
42, 151, 131
42, 153, 132
42, 154, 133
42, 155, 134
42, 156, 135
42, 157, 136
42, 158, 137
43, 159, 138
44, 160, 140
44, 161, 141
44, 162, 142
44, 163, 142
44, 165, 143
44, 166, 144
44, 167, 145
44, 168, 146
44, 169, 147
44, 170, 148
44, 171, 149
45, 172, 150
45, 173, 152
45, 174, 152
45, 175, 154
46, 175, 155
46, 176, 157
46, 177, 159
46, 178, 161
46, 179, 164
46, 180, 168
47, 180, 169
47, 181, 173
47, 182, 178
48, 182, 180
48, 183, 184
48, 184, 197
49, 184, 207
50, 184, 221
51, 184, 229
51, 183, 231
51, 182, 232
52, 182, 233
52, 181, 236
52, 180, 239
53, 180, 240
53, 179, 240
54, 178, 242
54, 177, 243
54, 176, 245
55, 176, 246
55, 175, 248
55, 174, 249
55, 173, 250
55, 172, 252
56, 172, 252
56, 171, 253
57, 170, 254
57, 169, 256
58, 168, 257
59, 167, 258
59, 166, 260
59, 165, 261
59, 164, 262
59, 163, 263
60, 163, 263
61, 162, 265
61, 161, 265
62, 160, 266
62, 159, 268
62, 158, 268
63, 157, 270
63, 156, 270
64, 156, 271
64, 155, 273
64, 154, 274
65, 153, 275
65, 152, 276
66, 152, 276
66, 151, 278
67, 150, 278
68, 149, 280
68, 148, 281
69, 147, 282
69, 146, 283
70, 145, 285
71, 144, 287
71, 143, 287
71, 142, 288
72, 142, 290
73, 141, 291
73, 140, 292
73, 139, 293
73, 138, 295
74, 137, 295
75, 136, 297
75, 135, 297
75, 134, 299
76, 134, 299
77, 133, 300
77, 132, 301
78, 131, 303
79, 131, 303
79, 130, 304
80, 129, 306
80, 128, 307
81, 127, 308
82, 126, 308
82, 125, 309
83, 124, 311
84, 123, 313
85, 122, 313
86, 121, 314
87, 121, 316
87, 120, 316
88, 119, 318
89, 118, 318
89, 117, 320
89, 116, 320
90, 115, 322
91, 114, 323
92, 113, 324
92, 112, 325
93, 111, 325
94, 110, 327
95, 109, 328
95, 108, 329
96, 107, 330
97, 106, 331
97, 105, 332
98, 104, 333
99, 103, 334
100, 102, 335
101, 101, 336
102, 100, 337
102, 99, 339
103, 98, 339
104, 97, 341
104, 96, 341
105, 95, 342
106, 94, 344
107, 93, 344
108, 92, 345
109, 91, 347
109, 90, 350
111, 88, 350
111, 87, 351
112, 86, 351
113, 84, 352
114, 83, 353
115, 82, 354
116, 81, 355
117, 80, 357
117, 79, 358
118, 78, 358
119, 77, 359
120, 76, 360
121, 75, 361
122, 74, 363
122, 72, 363
123, 71, 364
123, 70, 365
124, 69, 367
125, 68, 367
125, 67, 368
126, 66, 369
127, 65, 370
127, 64, 372
128, 63, 372
129, 62, 374
129, 61, 375
129, 60, 375
130, 59, 376
130, 58, 377
131, 57, 378
132, 56, 379
132, 55, 380
132, 54, 381
132, 53, 382
133, 52, 383
133, 51, 384
133, 50, 385
134, 49, 387
134, 48, 389
135, 47, 391
135, 46, 392
136, 46, 393
136, 45, 394
136, 44, 396
137, 44, 397
137, 43, 399
138, 43, 407
138, 42, 408
139, 42, 434
139, 43, 441
139, 44, 441
139, 45, 443
139, 46, 445
140, 47, 446
140, 48, 447
140, 49, 448
140, 50, 449
140, 51, 451
141, 52, 452
141, 53, 453
141, 54, 454
141, 55, 456
142, 56, 457
142, 57, 458
142, 58, 459
142, 59, 459
142, 60, 460
142, 61, 461
142, 62, 463
142, 64, 463
142, 65, 465
142, 67, 465
143, 69, 466
143, 70, 467
143, 72, 468
144, 73, 469
144, 74, 471
144, 76, 472
144, 78, 472
144, 80, 473
144, 82, 475
144, 84, 476
144, 86, 476
144, 87, 477
144, 89, 478
144, 91, 479
144, 93, 480
144, 95, 481
145, 97, 482
145, 99, 483
145, 101, 485
145, 103, 486
145, 105, 486
145, 107, 487
145, 109, 489
145, 113, 491
145, 115, 491
145, 117, 493
145, 119, 494
145, 121, 494
145, 123, 495
145, 125, 496
145, 127, 497
145, 129, 498
145, 131, 499
145, 133, 500
145, 135, 502
145, 137, 503
145, 139, 503
145, 141, 504
145, 143, 505
145, 145, 507
145, 147, 508
145, 149, 508
145, 151, 509
145, 153, 510
145, 155, 511
144, 157, 512
143, 159, 513
143, 161, 514
143, 163, 515
142, 165, 517
142, 167, 519
142, 171, 520
142, 173, 521
141, 175, 523
141, 179, 524
140, 180, 526
140, 182, 526
140, 183, 528
140, 185, 528
140, 186, 529
139, 187, 530
139, 188, 531
139, 190, 533
138, 191, 533
138, 192, 534
138, 193, 535
138, 194, 536
137, 195, 537
137, 196, 539
137, 197, 540
137, 198, 540
137, 199, 541
137, 200, 542
136, 201, 543
136, 202, 544
135, 203, 546
135, 204, 547
135, 205, 549
134, 205, 550
134, 206, 551
134, 207, 552
133, 208, 553
133, 209, 555
132, 210, 557
131, 211, 559
131, 212, 560
131, 213, 562
131, 214, 564
130, 215, 565
129, 216, 566
129, 217, 568
128, 218, 569
127, 218, 572
127, 219, 572
127, 220, 573
126, 220, 575
126, 221, 575
125, 222, 577
124, 223, 578
124, 224, 579
124, 225, 580
123, 225, 581
122, 225, 582
122, 226, 583
121, 227, 584
120, 228, 585
120, 229, 586
119, 230, 587
119, 231, 590
118, 232, 590
117, 233, 591
117, 234, 592
116, 234, 593
115, 235, 594
115, 236, 595
114, 237, 596
114, 238, 597
113, 239, 598
112, 240, 599
112, 241, 600
111, 242, 601
110, 243, 603
109, 244, 604
109, 245, 605
108, 246, 607
107, 247, 608
106, 248, 608
106, 249, 609
105, 250, 610
104, 251, 611
103, 252, 612
103, 253, 613
102, 254, 614
101, 255, 615
101, 256, 616
101, 257, 617
100, 258, 618
99, 259, 619
98, 260, 620
97, 261, 621
97, 262, 622
96, 263, 623
95, 264, 625
94, 265, 626
93, 266, 627
92, 267, 628
91, 268, 629
90, 269, 631
89, 269, 632
89, 270, 633
88, 271, 634
88, 272, 635
87, 272, 636
86, 272, 637
86, 273, 639
85, 273, 640
85, 274, 641
84, 274, 643
83, 274, 643
83, 275, 644
82, 276, 647
81, 276, 650
80, 277, 653
79, 277, 661
78, 277, 668
77, 277, 681
76, 277, 690
75, 277, 694
75, 276, 698
75, 275, 699
75, 274, 700
75, 273, 706
75, 272, 707
74, 272, 709
74, 271, 710
74, 270, 712
74, 269, 713
74, 268, 716
74, 267, 718
129, 277, 1172
129, 276, 1172
129, 275, 1177
129, 274, 1181
129, 273, 1184
129, 272, 1187
129, 271, 1190
129, 270, 1193
129, 269, 1195
129, 268, 1197
129, 267, 1198
129, 266, 1201
129, 265, 1202
129, 264, 1203
129, 263, 1205
129, 262, 1207
130, 261, 1208
130, 260, 1208
131, 259, 1209
131, 258, 1210
131, 257, 1213
131, 256, 1214
132, 255, 1215
132, 254, 1216
132, 253, 1217
133, 252, 1218
133, 251, 1220
133, 250, 1220
134, 249, 1222
134, 248, 1222
135, 247, 1223
135, 246, 1224
136, 245, 1226
136, 244, 1226
136, 243, 1227
137, 242, 1228
137, 241, 1229
137, 240, 1231
138, 239, 1231
139, 238, 1232
139, 237, 1234
140, 235, 1235
140, 234, 1236
141, 232, 1236
141, 230, 1237
142, 229, 1239
142, 228, 1240
143, 226, 1240
144, 224, 1242
144, 223, 1243
145, 222, 1243
145, 221, 1244
146, 219, 1245
147, 217, 1246
147, 216, 1248
148, 214, 1249
148, 212, 1250
149, 211, 1250
150, 210, 1252
150, 208, 1253
151, 206, 1254
152, 204, 1255
153, 202, 1256
153, 200, 1257
154, 199, 1258
155, 197, 1258
155, 195, 1259
156, 193, 1261
157, 191, 1262
158, 189, 1263
159, 187, 1263
160, 185, 1264
161, 183, 1266
162, 182, 1266
163, 180, 1268
164, 178, 1268
165, 176, 1270
166, 174, 1271
166, 172, 1271
167, 170, 1273
168, 168, 1274
169, 166, 1275
170, 164, 1275
171, 162, 1277
172, 160, 1278
173, 158, 1278
174, 156, 1279
175, 154, 1281
176, 152, 1282
177, 150, 1283
178, 149, 1284
179, 147, 1284
180, 145, 1286
181, 143, 1286
182, 141, 1287
183, 139, 1289
184, 137, 1290
185, 135, 1291
186, 133, 1291
187, 131, 1292
188, 130, 1294
189, 128, 1295
190, 126, 1295
191, 124, 1297
192, 122, 1298
193, 120, 1299
194, 119, 1299
195, 117, 1301
196, 115, 1301
197, 113, 1302
198, 112, 1303
199, 110, 1305
200, 109, 1306
201, 108, 1307
202, 106, 1308
203, 105, 1308
204, 104, 1309
205, 102, 1311
206, 101, 1311
207, 99, 1312
208, 98, 1314
209, 97, 1314
210, 96, 1316
211, 94, 1316
212, 93, 1317
213, 92, 1319
214, 91, 1319
215, 90, 1320
215, 89, 1321
216, 88, 1323
216, 87, 1323
217, 86, 1325
217, 85, 1325
218, 84, 1326
218, 83, 1327
218, 82, 1328
219, 81, 1329
220, 80, 1330
220, 79, 1331
221, 78, 1333
221, 77, 1334
222, 77, 1335
223, 76, 1336
224, 75, 1341
224, 74, 1341
225, 73, 1345
225, 72, 1345
225, 71, 1349
226, 71, 1351
226, 70, 1358
226, 69, 1366
227, 69, 1390
227, 70, 1403
227, 71, 1404
227, 72, 1406
227, 73, 1407
227, 74, 1411
227, 75, 1412
227, 76, 1415
227, 77, 1416
227, 78, 1416
227, 79, 1417
227, 80, 1419
228, 81, 1420
228, 82, 1422
228, 83, 1423
228, 84, 1423
228, 85, 1425
228, 86, 1426
228, 87, 1427
228, 88, 1427
228, 89, 1428
228, 90, 1429
228, 91, 1431
228, 92, 1440
228, 102, 1440
228, 104, 1441
228, 106, 1442
228, 108, 1443
228, 109, 1443
228, 111, 1444
228, 113, 1446
228, 115, 1447
228, 116, 1448
228, 118, 1449
228, 120, 1449
228, 122, 1450
228, 123, 1451
228, 125, 1452
228, 127, 1453
228, 129, 1455
228, 130, 1456
228, 132, 1457
227, 134, 1458
226, 136, 1458
226, 138, 1459
226, 140, 1460
226, 142, 1461
225, 144, 1463
225, 146, 1463
225, 148, 1464
225, 150, 1465
225, 152, 1466
224, 154, 1467
223, 156, 1469
223, 158, 1470
223, 160, 1471
222, 162, 1471
222, 164, 1472
221, 166, 1474
221, 168, 1474
221, 170, 1476
220, 172, 1476
219, 174, 1478
218, 176, 1478
218, 178, 1479
217, 180, 1481
217, 182, 1481
216, 184, 1483
215, 186, 1484
215, 188, 1484
214, 190, 1486
214, 192, 1486
213, 194, 1488
212, 196, 1489
211, 198, 1490
211, 200, 1490
210, 202, 1491
209, 204, 1492
208, 206, 1493
207, 208, 1495
207, 210, 1495
206, 212, 1496
205, 214, 1497
204, 216, 1498
203, 218, 1499
202, 220, 1501
201, 222, 1501
200, 224, 1503
199, 226, 1503
199, 228, 1504
198, 230, 1506
197, 232, 1507
196, 234, 1508
195, 236, 1508
194, 238, 1510
193, 240, 1511
192, 241, 1511
191, 242, 1513
190, 244, 1513
189, 246, 1514
188, 247, 1515
187, 248, 1517
186, 250, 1517
185, 251, 1518
184, 253, 1520
183, 254, 1521
182, 255, 1522
181, 256, 1523
180, 257, 1524
179, 258, 1524
179, 260, 1525
179, 261, 1526
178, 262, 1527
177, 263, 1528
176, 264, 1529
175, 265, 1530
174, 266, 1532
174, 267, 1533
173, 268, 1533
173, 269, 1534
172, 270, 1536
171, 271, 1536
171, 272, 1537
170, 273, 1539
170, 274, 1540
169, 275, 1540
168, 276, 1541
168, 277, 1542
167, 277, 1543
167, 278, 1544
167, 279, 1545
166, 280, 1546
165, 281, 1548
165, 282, 1549
164, 282, 1550
164, 283, 1551
164, 284, 1552
163, 285, 1553
162, 285, 1554
162, 286, 1557
161, 286, 1557
160, 287, 1558
160, 288, 1560
159, 289, 1561
158, 289, 1563
158, 290, 1564
158, 291, 1565
158, 292, 1567
157, 292, 1568
156, 293, 1569
156, 294, 1571
156, 295, 1574
155, 295, 1575
154, 296, 1577
154, 297, 1579
154, 298, 1581
153, 298, 1583
153, 299, 1585
152, 300, 1590
152, 301, 1591
152, 302, 1595
151, 302, 1600
151, 301, 1635
152, 300, 1636
153, 299, 1637
154, 298, 1639
154, 297, 1640
154, 296, 1641
155, 296, 1642
155, 295, 1644
156, 294, 1645
156, 293, 1646
157, 293, 1647
157, 292, 1649
158, 291, 1650
159, 290, 1651
159, 289, 1652
159, 288, 1653
160, 287, 1655
161, 286, 1656
161, 285, 1657
162, 284, 1658
162, 283, 1659
163, 282, 1660
163, 281, 1661
164, 280, 1662
165, 279, 1664
165, 278, 1665
166, 277, 1666
167, 276, 1668
168, 275, 1669
168, 274, 1670
168, 273, 1671
169, 273, 1672
170, 272, 1674
170, 271, 1675
171, 270, 1676
172, 270, 1676
172, 269, 1677
172, 268, 1678
173, 267, 1680
173, 266, 1681
174, 265, 1682
174, 264, 1684
175, 263, 1685
176, 263, 1686
176, 262, 1688
176, 261, 1689
177, 261, 1690
178, 260, 1692
179, 259, 1693
179, 258, 1694
180, 257, 1696
180, 256, 1697
181, 256, 1698
181, 255, 1699
182, 254, 1701
182, 253, 1702
183, 253, 1704
183, 252, 1706
184, 251, 1707
185, 250, 1709
185, 249, 1711
185, 248, 1712
186, 248, 1713
186, 247, 1714
187, 247, 1715
187, 246, 1717
187, 245, 1718
188, 245, 1719
189, 245, 1720
189, 244, 1722
189, 243, 1723
189, 242, 1725
190, 242, 1726
190, 241, 1728
191, 240, 1728
192, 239, 1731
192, 238, 1732
192, 237, 1735
193, 237, 1736
193, 236, 1738
194, 235, 1740
194, 234, 1744
195, 233, 1746
195, 232, 1750
196, 232, 1752
197, 231, 1753
197, 230, 1756
198, 230, 1757
198, 229, 1758
198, 228, 1762
199, 228, 1765
199, 227, 1768
199, 226, 1771
199, 225, 1776
199, 224, 1780
200, 224, 1783
200, 223, 1786
200, 222, 1790
200, 221, 1796
200, 220, 1806
200, 219, 1813
200, 218, 1831
199, 218, 1844
198, 218, 1845
197, 218, 1845
196, 218, 1854
195, 218, 1856
194, 218, 1860
193, 218, 1864
192, 218, 1866
191, 218, 1868
190, 219, 1868
190, 220, 1870
189, 220, 1873
188, 221, 1876
187, 222, 1877
186, 222, 1879
185, 223, 1880
184, 224, 1883
183, 225, 1885
182, 225, 1885
181, 226, 1889
181, 227, 1890
180, 227, 1890
180, 228, 1892
179, 229, 1893
178, 229, 1894
177, 230, 1895
177, 231, 1896
176, 231, 1898
175, 232, 1899
175, 233, 1899
174, 233, 1901
173, 234, 1901
173, 235, 1902
172, 235, 1903
171, 236, 1905
171, 237, 1906
170, 237, 1908
169, 238, 1908
168, 239, 1909
167, 240, 1911
167, 241, 1912
166, 242, 1913
165, 243, 1915
164, 244, 1915
163, 245, 1917
162, 246, 1919
162, 247, 1920
161, 247, 1921
160, 248, 1921
160, 249, 1923
159, 249, 1924
159, 250, 1925
158, 250, 1926
158, 251, 1927
157, 252, 1928
157, 253, 1929
156, 253, 1930
155, 254, 1931
155, 255, 1932
154, 255, 1934
153, 256, 1934
153, 257, 1935
153, 258, 1937
152, 258, 1939
151, 259, 1941
150, 260, 1943
150, 261, 1943
150, 262, 1947
150, 263, 1950
149, 263, 1951
149, 264, 1953
148, 264, 1956
148, 265, 1957
147, 266, 1959
147, 267, 1964
147, 268, 1968
147, 269, 1978
147, 270, 1997
148, 270, 2015
149, 270, 2016
150, 270, 2019
151, 270, 2023
152, 270, 2026
153, 270, 2029
154, 270, 2031
155, 270, 2034
156, 269, 2035
157, 268, 2037
157, 267, 2039
158, 267, 2040
159, 267, 2041
160, 267, 2042
160, 266, 2043
161, 266, 2044
162, 266, 2046
163, 265, 2046
164, 265, 2049
165, 264, 2049
166, 263, 2051
167, 263, 2052
168, 263, 2054
169, 262, 2055
170, 262, 2055
171, 262, 2057
171, 261, 2057
172, 261, 2058
173, 261, 2060
174, 260, 2060
174, 259, 2061
175, 259, 2064
176, 258, 2065
177, 258, 2065
178, 258, 2067
179, 257, 2069
180, 257, 2071
181, 256, 2072
182, 256, 2074
182, 255, 2074
183, 255, 2075
184, 254, 2077
185, 254, 2078
186, 253, 2078
187, 253, 2080
188, 252, 2081
188, 251, 2083
189, 251, 2083
190, 251, 2084
190, 250, 2085
191, 250, 2087
192, 249, 2088
193, 248, 2089
194, 248, 2090
195, 247, 2091
196, 246, 2092
197, 246, 2094
197, 245, 2095
198, 244, 2096
199, 243, 2098
200, 243, 2098
201, 242, 2100
202, 242, 2101
203, 241, 2103
204, 240, 2103
205, 239, 2105
206, 238, 2108
207, 238, 2108
207, 237, 2109
208, 237, 2110
209, 237, 2111
209, 236, 2112
210, 235, 2113
211, 235, 2114
212, 235, 2116
212, 234, 2116
213, 233, 2118
214, 233, 2119
215, 232, 2120
216, 231, 2122
217, 231, 2123
218, 230, 2125
219, 230, 2126
220, 229, 2129
221, 229, 2130
222, 228, 2131
223, 227, 2132
224, 227, 2135
224, 226, 2136
225, 226, 2137
226, 225, 2139
227, 225, 2140
228, 225, 2143
228, 224, 2144
229, 223, 2144
230, 223, 2145
231, 222, 2147
232, 222, 2149
232, 221, 2151
233, 220, 2152
234, 220, 2153
235, 219, 2154
236, 218, 2158
237, 217, 2159
238, 217, 2161
238, 216, 2162
239, 216, 2164
239, 215, 2166
240, 214, 2168
241, 213, 2169
242, 213, 2171
243, 212, 2175
244, 211, 2178
245, 210, 2179
246, 210, 2186
246, 209, 2189
246, 208, 2190
247, 208, 2197
247, 207, 2199
248, 207, 2200
248, 206, 2205
249, 206, 2214
250, 206, 2227
251, 206, 2233
252, 206, 2255
252, 207, 2290
252, 208, 2291
252, 209, 2296
252, 210, 2301
252, 211, 2308
252, 212, 2311
252, 213, 2315
252, 214, 2317
252, 215, 2322
252, 216, 2323
252, 217, 2328
252, 218, 2328
252, 219, 2330
252, 220, 2332
252, 221, 2335
251, 222, 2336
250, 223, 2337
250, 224, 2338
250, 225, 2341
249, 226, 2343
249, 227, 2343
249, 228, 2345
248, 228, 2346
248, 229, 2348
247, 230, 2350
247, 231, 2350
247, 232, 2352
246, 233, 2353
245, 233, 2353
245, 234, 2355
245, 235, 2357
244, 235, 2358
244, 236, 2359
243, 237, 2360
242, 238, 2361
242, 239, 2362
241, 239, 2364
241, 240, 2365
240, 241, 2366
240, 242, 2369
239, 242, 2370
238, 243, 2371
237, 244, 2376
235, 246, 2376
234, 247, 2378
233, 248, 2379
232, 248, 2380
231, 249, 2383
231, 250, 2384
230, 250, 2386
229, 251, 2386
228, 252, 2388
227, 252, 2391
226, 252, 2392
225, 253, 2393
224, 254, 2395
223, 255, 2397
222, 255, 2398
221, 256, 2401
220, 257, 2403
219, 257, 2408
218, 258, 2409
217, 258, 2412
216, 259, 2413
215, 260, 2418
214, 260, 2424
213, 260, 2428
212, 261, 2432
213, 261, 2507
214, 260, 2507
214, 259, 2509
215, 259, 2509
216, 258, 2510
217, 258, 2518
218, 257, 2521
219, 256, 2524
221, 255, 2526
222, 255, 2530
223, 254, 2531
224, 253, 2531
225, 253, 2534
226, 253, 2535
227, 252, 2536
227, 251, 2539
228, 251, 2540
229, 251, 2540
230, 250, 2542
231, 249, 2542
232, 249, 2544
233, 249, 2545
234, 248, 2547
235, 247, 2548
236, 247, 2551
237, 246, 2552
238, 246, 2553
239, 245, 2554
239, 244, 2555
240, 244, 2557
241, 244, 2559
242, 243, 2559
243, 243, 2561
244, 243, 2564
245, 242, 2565
246, 241, 2567
247, 241, 2570
248, 241, 2571
248, 240, 2572
249, 240, 2573
250, 239, 2575
250, 238, 2576
251, 238, 2579
251, 237, 2580
252, 236, 2583
253, 236, 2584
253, 235, 2586
254, 235, 2587
254, 234, 2589
254, 233, 2590
254, 232, 2594
255, 231, 2596
256, 230, 2600
256, 229, 2601
257, 228, 2602
257, 227, 2607
257, 226, 2609
257, 225, 2611
257, 224, 2612
257, 223, 2615
258, 223, 2618
258, 222, 2618
258, 221, 2620
258, 220, 2623
259, 220, 2625
259, 219, 2627
259, 218, 2628
259, 217, 2631
259, 216, 2634
259, 215, 2637
259, 214, 2638
259, 213, 2641
259, 212, 2644
259, 211, 2646
259, 210, 2650
259, 209, 2650
259, 208, 2655
259, 207, 2657
259, 206, 2659
259, 205, 2663
259, 204, 2666
259, 203, 2667
259, 202, 2671
259, 201, 2673
259, 200, 2676
259, 199, 2679
259, 198, 2679
259, 197, 2686
259, 196, 2687
258, 196, 2689
257, 196, 2690
257, 195, 2693
257, 194, 2694
256, 194, 2696
256, 193, 2699
256, 192, 2706
255, 191, 2708
254, 191, 2714
254, 190, 2718
253, 190, 2722
253, 189, 2724
252, 189, 2736
251, 189, 2743
250, 189, 2750
249, 189, 2754
248, 189, 2759
247, 189, 2765
246, 189, 2768
245, 190, 2773
245, 191, 2775
244, 192, 2776
243, 193, 2781
243, 194, 2783
242, 194, 2784
242, 195, 2785
241, 195, 2787
241, 196, 2787
241, 197, 2791
240, 197, 2792
240, 198, 2792
240, 199, 2795
239, 200, 2796
238, 201, 2800
238, 202, 2801
237, 203, 2803
236, 204, 2805
236, 205, 2808
235, 205, 2809
235, 206, 2809
235, 207, 2811
234, 208, 2812
233, 209, 2816
233, 210, 2818
233, 211, 2820
233, 212, 2823
233, 213, 2825
232, 214, 2827
231, 215, 2830
231, 216, 2832
231, 217, 2837
231, 218, 2841
231, 219, 2848
231, 220, 2854
230, 220, 2855
230, 221, 2863
230, 222, 2882
231, 222, 2896
232, 222, 2896
233, 222, 2901
234, 222, 2906
235, 222, 2908
236, 222, 2913
237, 222, 2915
238, 222, 2919
239, 222, 2921
240, 222, 2925
240, 221, 2926
240, 220, 2927
241, 219, 2929
242, 219, 2932
243, 218, 2935
244, 218, 2939
244, 217, 2941
245, 217, 2943
246, 216, 2947
247, 216, 2950
247, 215, 2952
248, 215, 2953
249, 214, 2956
250, 214, 2959
251, 213, 2961
252, 212, 2964
253, 211, 2968
254, 211, 2970
255, 210, 2972
256, 210, 2973
257, 210, 2975
257, 209, 2977
258, 209, 2978
259, 208, 2978
260, 208, 2982
260, 207, 2983
261, 207, 2984
262, 206, 2986
263, 206, 2989
264, 205, 2990
265, 205, 2992
266, 204, 2994
267, 203, 2996
268, 203, 3000
269, 202, 3002
270, 202, 3002
270, 201, 3003
271, 201, 3007
272, 200, 3008
273, 199, 3011
274, 198, 3015
275, 198, 3018
276, 198, 3020
277, 198, 3021
277, 197, 3022
277, 196, 3024
277, 195, 3028
278, 195, 3028
279, 195, 3031
279, 194, 3035
280, 194, 3036
280, 193, 3036
281, 193, 3037
282, 193, 3042
282, 192, 3043
283, 192, 3046
284, 191, 3049
284, 190, 3053
285, 190, 3055
286, 189, 3058
287, 189, 3061
287, 188, 3061
288, 187, 3065
289, 187, 3069
289, 186, 3070
290, 185, 3075
290, 184, 3078
291, 184, 3079
292, 183, 3080
292, 182, 3085
293, 182, 3091
293, 181, 3091
293, 180, 3094
294, 179, 3095
295, 178, 3102
296, 178, 3110
296, 177, 3111
297, 176, 3114
298, 176, 3124
299, 176, 3135
300, 176, 3150
301, 176, 3157
302, 176, 3165
303, 176, 3170
303, 177, 3170
303, 178, 3171
303, 179, 3174
304, 179, 3176
305, 179, 3181
305, 180, 3181
306, 180, 3182
307, 180, 3187
308, 181, 3191
308, 182, 3195
309, 182, 3197
309, 183, 3199
309, 184, 3201
310, 184, 3203
311, 185, 3207
312, 186, 3209
313, 186, 3216
313, 187, 3216
314, 187, 3220
315, 188, 3223
315, 189, 3225
316, 189, 3227
317, 189, 3228
318, 189, 3232
318, 190, 3233
319, 190, 3234
320, 190, 3237
321, 191, 3240
322, 191, 3243
323, 191, 3245
324, 191, 3247
324, 192, 3249
325, 192, 3251
326, 193, 3254
327, 193, 3256
328, 193, 3261
329, 193, 3263
330, 193, 3267
331, 193, 3273
332, 193, 3282
333, 193, 3299
333, 194, 3380
333, 195, 3382
333, 196, 3387
332, 197, 3389
331, 197, 3390
330, 197, 3391
330, 198, 3393
329, 198, 3394
328, 199, 3395
328, 200, 3397
327, 201, 3401
326, 202, 3403
325, 203, 3405
325, 204, 3406
324, 205, 3408
324, 206, 3410
323, 206, 3411
323, 207, 3412
322, 207, 3413
322, 208, 3414
321, 209, 3415
320, 210, 3419
319, 211, 3420
319, 212, 3420
318, 213, 3422
317, 214, 3422
317, 215, 3424
316, 215, 3425
315, 216, 3425
314, 216, 3426
314, 217, 3427
313, 218, 3429
312, 219, 3429
311, 220, 3431
310, 221, 3432
309, 222, 3433
309, 223, 3434
308, 224, 3436
308, 225, 3437
307, 225, 3437
306, 226, 3439
305, 227, 3440
304, 228, 3441
303, 229, 3443
302, 230, 3443
301, 230, 3445
301, 231, 3445
300, 232, 3446
299, 233, 3447
298, 234, 3448
298, 235, 3449
297, 236, 3450
296, 237, 3452
295, 238, 3452
294, 239, 3455
293, 240, 3456
292, 241, 3457
291, 242, 3458
291, 243, 3459
290, 244, 3460
289, 245, 3461
288, 246, 3463
287, 247, 3464
286, 248, 3465
285, 249, 3466
284, 250, 3467
283, 251, 3468
282, 252, 3470
281, 253, 3471
280, 254, 3472
280, 255, 3473
279, 256, 3474
278, 257, 3476
277, 258, 3476
276, 259, 3479
275, 260, 3479
274, 260, 3481
273, 261, 3483
272, 263, 3483
271, 263, 3485
270, 264, 3487
269, 265, 3488
268, 266, 3490
267, 267, 3491
266, 268, 3492
265, 269, 3494
264, 269, 3496
263, 270, 3497
262, 271, 3499
261, 272, 3501
260, 273, 3503
259, 274, 3507
258, 275, 3511
257, 275, 3513
257, 276, 3515
256, 277, 3522
256, 278, 3536
255, 278, 3552
255, 279, 3556
256, 279, 3566
257, 279, 3567
257, 280, 3569
258, 280, 3573
259, 280, 3576
259, 281, 3580
260, 281, 3580
261, 281, 3582
262, 282, 3585
262, 283, 3589
263, 283, 3591
264, 283, 3592
265, 283, 3593
265, 284, 3595
266, 285, 3598
267, 285, 3600
268, 285, 3603
268, 286, 3604
269, 286, 3607
270, 286, 3608
271, 286, 3609
271, 287, 3610
272, 287, 3611
273, 287, 3614
273, 288, 3615
274, 288, 3616
275, 288, 3618
276, 288, 3620
277, 289, 3622
278, 289, 3625
279, 289, 3625
280, 289, 3629
281, 289, 3630
282, 289, 3632
283, 289, 3634
284, 289, 3636
285, 289, 3639
286, 289, 3641
287, 289, 3643
288, 289, 3644
289, 289, 3646
290, 289, 3648
291, 289, 3650
292, 289, 3652
293, 288, 3654
293, 287, 3655
294, 287, 3657
295, 287, 3658
295, 286, 3659
296, 286, 3660
297, 285, 3662
298, 285, 3664
299, 284, 3666
299, 283, 3667
300, 283, 3668
300, 282, 3670
301, 282, 3671
301, 281, 3673
302, 281, 3674
303, 280, 3675
303, 279, 3676
304, 278, 3677
305, 278, 3678
306, 277, 3679
306, 276, 3680
307, 275, 3681
307, 274, 3683
307, 273, 3684
308, 272, 3685
309, 271, 3686
310, 270, 3688
311, 269, 3690
312, 268, 3691
312, 267, 3692
313, 267, 3693
313, 266, 3693
314, 265, 3694
315, 264, 3695
315, 263, 3696
315, 262, 3697
316, 261, 3698
317, 260, 3699
317, 259, 3700
318, 259, 3701
319, 258, 3702
319, 257, 3703
319, 256, 3705
320, 255, 3707
321, 253, 3707
322, 252, 3708
323, 251, 3709
324, 250, 3711
324, 249, 3712
324, 248, 3713
325, 247, 3714
326, 246, 3715
327, 245, 3715
327, 244, 3717
328, 243, 3717
328, 242, 3718
329, 241, 3720
329, 240, 3721
330, 239, 3722
331, 237, 3724
332, 236, 3725
332, 235, 3726
333, 234, 3727
333, 233, 3728
334, 232, 3729
335, 231, 3730
335, 230, 3731
336, 229, 3731
337, 228, 3733
337, 227, 3733
338, 226, 3734
338, 225, 3735
339, 224, 3736
339, 223, 3738
340, 222, 3739
341, 221, 3740
342, 220, 3741
342, 219, 3742
342, 218, 3743
343, 217, 3744
344, 216, 3745
344, 215, 3745
344, 214, 3747
345, 213, 3748
346, 212, 3749
346, 211, 3749
347, 210, 3751
347, 209, 3752
348, 208, 3753
349, 207, 3754
349, 206, 3755
349, 205, 3757
350, 204, 3758
351, 203, 3759
351, 202, 3761
352, 202, 3762
352, 201, 3763
352, 200, 3764
353, 199, 3765
354, 199, 3766
354, 198, 3768
355, 197, 3770
355, 196, 3771
356, 196, 3772
356, 195, 3775
357, 195, 3776
357, 194, 3776
358, 193, 3777
358, 192, 3778
359, 191, 3782
359, 190, 3784
360, 189, 3785
360, 188, 3786
361, 187, 3790
361, 186, 3791
362, 186, 3792
363, 185, 3794
363, 184, 3795
363, 183, 3797
363, 182, 3800
364, 181, 3801
365, 180, 3804
365, 179, 3807
365, 178, 3809
365, 177, 3811
366, 177, 3812
366, 176, 3814
367, 176, 3815
367, 175, 3817
367, 174, 3820
367, 173, 3822
368, 172, 3827
368, 171, 3828
368, 170, 3831
369, 169, 3835
369, 168, 3840
369, 167, 3844
370, 166, 3847
370, 165, 3851
370, 164, 3858
371, 164, 3860
371, 163, 3862
371, 162, 3869
372, 162, 3876
372, 161, 3877
372, 162, 3919
373, 163, 3920
373, 164, 3921
373, 165, 3924
373, 166, 3926
374, 166, 3927
374, 167, 3928
374, 168, 3930
374, 169, 3931
374, 170, 3933
374, 171, 3934
374, 172, 3936
374, 173, 3938
374, 174, 3939
374, 175, 3940
374, 176, 3942
374, 177, 3943
374, 178, 3944
374, 179, 3945
374, 180, 3946
374, 181, 3947
374, 182, 3949
374, 183, 3950
374, 184, 3952
374, 185, 3953
374, 186, 3955
374, 187, 3956
372, 189, 3957
372, 190, 3959
372, 191, 3960
372, 192, 3962
372, 193, 3964
372, 194, 3964
372, 195, 3966
372, 196, 3967
372, 197, 3968
371, 198, 3968
371, 199, 3970
371, 200, 3971
371, 201, 3972
370, 202, 3974
370, 203, 3975
370, 204, 3976
370, 205, 3977
370, 206, 3979
369, 207, 3979
369, 208, 3980
369, 209, 3981
368, 210, 3982
368, 211, 3983
368, 212, 3984
368, 213, 3985
367, 214, 3987
367, 215, 3988
367, 216, 3990
366, 218, 3991
366, 219, 3992
366, 220, 3993
366, 221, 3994
365, 222, 3994
365, 223, 3995
365, 224, 3996
364, 225, 3997
364, 226, 3998
363, 227, 3999
363, 228, 4001
363, 229, 4002
362, 230, 4003
362, 232, 4004
362, 233, 4004
362, 234, 4006
361, 235, 4007
361, 236, 4008
361, 237, 4009
360, 238, 4010
360, 239, 4010
360, 240, 4011
360, 241, 4012
360, 242, 4013
359, 243, 4014
359, 245, 4015
359, 246, 4016
359, 247, 4018
359, 248, 4019
359, 249, 4020
358, 250, 4020
358, 251, 4022
358, 252, 4023
358, 254, 4025
358, 255, 4026
358, 256, 4027
358, 257, 4027
357, 258, 4028
357, 260, 4029
357, 261, 4030
357, 262, 4031
357, 263, 4033
357, 264, 4034
357, 265, 4034
357, 266, 4035
357, 267, 4037
357, 268, 4037
357, 269, 4039
357, 270, 4040
357, 272, 4041
357, 273, 4042
357, 274, 4043
357, 275, 4044
357, 276, 4047
357, 277, 4048
357, 278, 4050
357, 279, 4052
356, 279, 4053
356, 280, 4055
356, 281, 4058
356, 282, 4060
356, 283, 4066
355, 284, 4073
356, 284, 4116
357, 284, 4118
358, 284, 4119
358, 283, 4123
359, 282, 4124
359, 281, 4125
360, 281, 4126
361, 281, 4128
361, 280, 4130
362, 279, 4132
363, 278, 4136
364, 277, 4137
365, 276, 4140
365, 275, 4141
366, 274, 4144
367, 273, 4145
367, 272, 4146
368, 271, 4148
369, 271, 4149
369, 270, 4151
370, 269, 4151
370, 268, 4153
371, 267, 4155
372, 266, 4156
372, 265, 4157
373, 264, 4158
373, 263, 4159
374, 262, 4160
375, 261, 4161
375, 260, 4162
376, 260, 4163
376, 259, 4164
377, 258, 4165
378, 257, 4166
378, 256, 4167
378, 255, 4168
379, 255, 4169
380, 254, 4170
380, 253, 4171
380, 252, 4172
381, 251, 4174
382, 250, 4175
382, 249, 4176
383, 248, 4177
384, 247, 4178
384, 246, 4179
385, 245, 4180
385, 244, 4181
385, 243, 4182
386, 242, 4184
387, 241, 4185
388, 240, 4186
389, 239, 4188
